account;mês;ano;empresa;Saldo
11100000;6;2019;513259236;0
11210300;6;2019;513259236;1000
11212600;6;2019;513259236;1500
11222500;6;2019;513259236;2000
12010101;6;2019;513259236;64357,74
12010102;6;2019;513259236;0
12020101;6;2019;513259236;8867,31
12020102;6;2019;513259236;0
12030101;6;2019;513259236;859900,15
12030102;6;2019;513259236;0
12040101;6;2019;513259236;8589,63
12040102;6;2019;513259236;-489,14
12050101;6;2019;513259236;9597,88
12050102;6;2019;513259236;0
12080101;6;2019;513259236;0
12090101;6;2019;513259236;8204,33
12090102;6;2019;513259236;0
12120101;6;2019;513259236;11278,78
12120102;6;2019;513259236;0
16100000;6;2019;513259236;11502,07
17111000;6;2019;513259236;58020,83
17121000;6;2019;513259236;-92334,58
17211000;6;2019;513259236;32893,58
17221000;6;2019;513259236;-1527,09
17410000;6;2019;513259236;-3665,54
17510000;6;2019;513259236;0
17990000;6;2019;513259236;0
21110100;6;2019;513259236;4102583,03
21110200;6;2019;513259236;0
21110400;6;2019;513259236;1304,84
21110500;6;2019;513259236;645449,62
21120000;6;2019;513259236;227,02
21160000;6;2019;513259236;21622,55
21310000;6;2019;513259236;277957,32
21500000;6;2019;513259236;5620488,8
21700000;6;2019;513259236;92197,6
21800000;6;2019;513259236;-131682,94
21910000;6;2019;513259236;-66928,66
21920000;6;2019;513259236;-64310,27
22110100;6;2019;513259236;-1018688,18
22110400;6;2019;513259236;-13,89
22110500;6;2019;513259236;-11372684,88
22110600;6;2019;513259236;-50
22120000;6;2019;513259236;-75696,62
22130000;6;2019;513259236;0
22160000;6;2019;513259236;-37857,97
22520000;6;2019;513259236;-108173,97
22530000;6;2019;513259236;-207864,58
22540000;6;2019;513259236;0
22800000;6;2019;513259236;44255,09
23120000;6;2019;513259236;0
23220000;6;2019;513259236;102,15
23300000;6;2019;513259236;6805,92
23310000;6;2019;513259236;0
24121000;6;2019;513259236;38,56
24122000;6;2019;513259236;5132,46
24150000;6;2019;513259236;0
24210000;6;2019;513259236;-75243
24220000;6;2019;513259236;0
24250000;6;2019;513259236;-12,08
24321000;6;2019;513259236;0
24322000;6;2019;513259236;0
24323000;6;2019;513259236;0
24331000;6;2019;513259236;0
24333000;6;2019;513259236;0
24334000;6;2019;513259236;0
24341000;6;2019;513259236;0
24342000;6;2019;513259236;0
24350000;6;2019;513259236;0
24361000;6;2019;513259236;-2162980,65
24380100;6;2019;513259236;16881,82
24412000;6;2019;513259236;-3506,59
24500000;6;2019;513259236;-127538,32
24520000;6;2019;513259236;135,2
25111301;6;2019;513259236;-3612611,22
25111304;6;2019;513259236;-4471896,73
25111403;6;2019;513259236;-5292581,33
25521100;6;2019;513259236;-8757217,36
27110000;6;2019;513259236;-16948,92
27210100;6;2019;513259236;0
27210200;6;2019;513259236;67654,02
27210410;6;2019;513259236;30000
27211200;6;2019;513259236;2411,67
27219800;6;2019;513259236;5793,42
27219900;6;2019;513259236;17400
27221112;6;2019;513259236;-100396,24
27221113;6;2019;513259236;-80020,54
27221114;6;2019;513259236;-76577,55
27221116;6;2019;513259236;-23844,16
27221117;6;2019;513259236;-18506,16
27221118;6;2019;513259236;-18187,24
27221122;6;2019;513259236;51996,05
27221123;6;2019;513259236;37611,82
27221124;6;2019;513259236;39582,79
27221126;6;2019;513259236;12349,11
27221127;6;2019;513259236;9292,23
27221128;6;2019;513259236;9589,36
27221200;6;2019;513259236;-73700,87
27221311;6;2019;513259236;-81383,81
27221400;6;2019;513259236;-208848,38
27221500;6;2019;513259236;3624,12
27221601;6;2019;513259236;0
27221605;6;2019;513259236;0
27222050;6;2019;513259236;-14412,42
27222060;6;2019;513259236;0
27223010;6;2019;513259236;-34913,12
27223050;6;2019;513259236;-4466,45
27223120;6;2019;513259236;-10425
27223190;6;2019;513259236;0
27225000;6;2019;513259236;-9507
27226014;6;2019;513259236;-361969,7
27226019;6;2019;513259236;-231105,53
27229800;6;2019;513259236;-1359,45
27229900;6;2019;513259236;-257056,8
27230000;6;2019;513259236;-105066,98
27411000;6;2019;513259236;25536,57
27420000;6;2019;513259236;0
27810201;6;2019;513259236;12815000
27810502;6;2019;513259236;1029,44
27810503;6;2019;513259236;0
27810601;6;2019;513259236;494
27810602;6;2019;513259236;0
27810607;6;2019;513259236;25
27810700;6;2019;513259236;-9496,63
27819900;6;2019;513259236;-1175575,05
27820701;6;2019;513259236;-781,86
27829900;6;2019;513259236;-103092,54
27890100;6;2019;513259236;26482,03
28101100;6;2019;513259236;10806,25
28101200;6;2019;513259236;-7693,93
28102000;6;2019;513259236;48926,81
28103000;6;2019;513259236;8646,07
28105000;6;2019;513259236;0
28112000;6;2019;513259236;3190,62
28117000;6;2019;513259236;4960,42
28122000;6;2019;513259236;12711,36
28198000;6;2019;513259236;81832,39
28201000;6;2019;513259236;0
28202000;6;2019;513259236;-1477968,39
28204000;6;2019;513259236;-1968380,1
28208000;6;2019;513259236;-37233,33
28210000;6;2019;513259236;-280836,47
29200000;6;2019;513259236;-102522,92
31101140;6;2019;513259236;19861620,72
31101210;6;2019;513259236;-78000
31101240;6;2019;513259236;4945559,07
31105201;6;2019;513259236;4458854,87
31105204;6;2019;513259236;0
31910000;6;2019;513259236;-24807179,79
31920000;6;2019;513259236;-4380854,87
32011100;6;2019;513259236;1307150,49
32011200;6;2019;513259236;7948530,11
32012100;6;2019;513259236;-9763,48
32012200;6;2019;513259236;2666088,49
32050210;6;2019;513259236;886817,4
32500000;6;2019;513259236;0
32501000;6;2019;513259236;0
32505000;6;2019;513259236;179844,25
32621000;6;2019;513259236;11959,82
32901100;6;2019;513259236;0
32901200;6;2019;513259236;-144497,22
32905000;6;2019;513259236;-52624,6
36200000;6;2019;513259236;261356,21
38051105;6;2019;513259236;-2965997,24
38051106;6;2019;513259236;2935314,07
38052103;6;2019;513259236;-973420,29
38900000;6;2019;513259236;1004103,46
41410197;6;2019;513259236;8807,43
43200000;6;2019;513259236;29005,07
43300000;6;2019;513259236;275259,67
43400000;6;2019;513259236;16480,3
43500000;6;2019;513259236;7249,62
43700000;6;2019;513259236;96740,03
43820000;6;2019;513259236;-3857,4
43830000;6;2019;513259236;-155992,04
43840000;6;2019;513259236;-12583,16
43850000;6;2019;513259236;-6693,19
43870000;6;2019;513259236;-73680,06
44101000;6;2019;513259236;4186332
44300000;6;2019;513259236;98987,21
44510000;6;2019;513259236;9429466,61
44830000;6;2019;513259236;-98987,21
44851000;6;2019;513259236;-670313,93
51000000;6;2019;513259236;-4000000
55100000;6;2019;513259236;-521347,74
55210000;6;2019;513259236;-2398142,51
56100000;6;2019;513259236;0
61101110;6;2019;513259236;135323,91
61101140;6;2019;513259236;22461667,66
61101160;6;2019;513259236;-25000
61101190;6;2019;513259236;-75648,96
61101210;6;2019;513259236;-248029,41
61101230;6;2019;513259236;-53266,09
61101240;6;2019;513259236;4045813,47
61101290;6;2019;513259236;-67010,17
61105210;6;2019;513259236;3506115,91
61105291;6;2019;513259236;-35851,23
61105293;6;2019;513259236;-27536,89
62101100;6;2019;513259236;245972,15
62101200;6;2019;513259236;56493,07
62102000;6;2019;513259236;766326,49
62112000;6;2019;513259236;0
62210200;6;2019;513259236;9228,46
62210300;6;2019;513259236;5510,02
62210400;6;2019;513259236;10475
62210500;6;2019;513259236;23552,04
62210600;6;2019;513259236;1817,63
62210800;6;2019;513259236;86,16
62210900;6;2019;513259236;22885,35
62211100;6;2019;513259236;2351,16
62211600;6;2019;513259236;2026,71
62212000;6;2019;513259236;0
62212210;6;2019;513259236;12814,02
62212220;6;2019;513259236;32029,2
62212240;6;2019;513259236;31177,98
62212250;6;2019;513259236;2596,16
62212311;6;2019;513259236;133164
62212312;6;2019;513259236;1344,17
62212400;6;2019;513259236;83294,7
62212600;6;2019;513259236;1951,21
62213400;6;2019;513259236;4200
62213600;6;2019;513259236;120
62213700;6;2019;513259236;71157
62220100;6;2019;513259236;2776,06
62220200;6;2019;513259236;2744
62220300;6;2019;513259236;2120
62220500;6;2019;513259236;5452,75
62220600;6;2019;513259236;2592,6
62220700;6;2019;513259236;1378,27
62230100;6;2019;513259236;39760,27
62240300;6;2019;513259236;900
62260100;6;2019;513259236;12977,74
62260200;6;2019;513259236;8867,88
62260411;6;2019;513259236;3889,53
62260421;6;2019;513259236;285,97
62260423;6;2019;513259236;0
62310000;6;2019;513259236;6409,33
62330000;6;2019;513259236;4666,28
62340200;6;2019;513259236;3123
62349900;6;2019;513259236;4210,56
62350000;6;2019;513259236;0
62380100;6;2019;513259236;6980,76
62410100;6;2019;513259236;41884,56
62421111;6;2019;513259236;87
62421200;6;2019;513259236;24,07
62422111;6;2019;513259236;22358,28
62422112;6;2019;513259236;27163,67
62422121;6;2019;513259236;24136,76
62430000;6;2019;513259236;6642,61
62480100;6;2019;513259236;3143,93
62480300;6;2019;513259236;1403
62480400;6;2019;513259236;6099,1
62511208;6;2019;513259236;281,99
62512100;6;2019;513259236;31567,05
62512201;6;2019;513259236;17357,3
62512202;6;2019;513259236;2969,2
62512203;6;2019;513259236;4,2
62532100;6;2019;513259236;397
62532300;6;2019;513259236;20935,86
62610210;6;2019;513259236;333687,67
62610400;6;2019;513259236;722,83
62610641;6;2019;513259236;94143,6
62610642;6;2019;513259236;3778,56
62620100;6;2019;513259236;6990,98
62620200;6;2019;513259236;5553,06
62620300;6;2019;513259236;5558,74
62620400;6;2019;513259236;3858,45
62620500;6;2019;513259236;106,1
62620600;6;2019;513259236;176,96
62630111;6;2019;513259236;5595,18
62630121;6;2019;513259236;1656,48
62630130;6;2019;513259236;4075,34
62630150;6;2019;513259236;1680
62630191;6;2019;513259236;0
62630400;6;2019;513259236;0
62630500;6;2019;513259236;9320,12
62630600;6;2019;513259236;779,83
62630701;6;2019;513259236;1889,52
62630799;6;2019;513259236;2238,69
62630900;6;2019;513259236;283,5
62650100;6;2019;513259236;786,6
62650200;6;2019;513259236;1148,47
62660200;6;2019;513259236;3911,98
62660700;6;2019;513259236;3209
62670100;6;2019;513259236;49134,11
62670200;6;2019;513259236;192,49
62680104;6;2019;513259236;31385,3
62680107;6;2019;513259236;169604,04
62680402;6;2019;513259236;41250
62680501;6;2019;513259236;34499,73
62680502;6;2019;513259236;141243,82
62689800;6;2019;513259236;0
63211100;6;2019;513259236;287615,1
63211200;6;2019;513259236;217949,64
63211300;6;2019;513259236;234091,65
63212300;6;2019;513259236;14801,7
63221112;6;2019;513259236;854,71
63221113;6;2019;513259236;415,62
63221121;6;2019;513259236;24399,59
63221122;6;2019;513259236;18462,39
63221123;6;2019;513259236;34166
63221212;6;2019;513259236;321,38
63221213;6;2019;513259236;1630,36
63221221;6;2019;513259236;24399,59
63221222;6;2019;513259236;18462,39
63221223;6;2019;513259236;34166
63222012;6;2019;513259236;4025
63222013;6;2019;513259236;2498,75
63222021;6;2019;513259236;3168
63222031;6;2019;513259236;18427,86
63222032;6;2019;513259236;29923,14
63222033;6;2019;513259236;33294,09
63222041;6;2019;513259236;4790,12
63222042;6;2019;513259236;24289,56
63222043;6;2019;513259236;9721
63222061;6;2019;513259236;927,5
63231000;6;2019;513259236;668,17
63232000;6;2019;513259236;26062,79
63233000;6;2019;513259236;5600,74
63240000;6;2019;513259236;197082,89
63251110;6;2019;513259236;-34707,67
63251120;6;2019;513259236;6789,12
63251130;6;2019;513259236;3543,41
63251210;6;2019;513259236;51100,93
63251220;6;2019;513259236;514,8
63251230;6;2019;513259236;3636,82
63260320;6;2019;513259236;1953
63260330;6;2019;513259236;1610
63269910;6;2019;513259236;22086,57
63269920;6;2019;513259236;21199,24
63269930;6;2019;513259236;19017,49
63410000;6;2019;513259236;1365
63521100;6;2019;513259236;69450,43
63521200;6;2019;513259236;69022,44
63521300;6;2019;513259236;109949,51
63522100;6;2019;513259236;11589,8
63522200;6;2019;513259236;8679,3
63522300;6;2019;513259236;9175,36
63523100;6;2019;513259236;12136,44
63523200;6;2019;513259236;122,26
63523300;6;2019;513259236;11410,02
63524100;6;2019;513259236;48,43
63524200;6;2019;513259236;74,97
63524300;6;2019;513259236;63,26
63621000;6;2019;513259236;5446,41
63622000;6;2019;513259236;4052,45
63623000;6;2019;513259236;6988,51
63720110;6;2019;513259236;14052,5
63720120;6;2019;513259236;25394,07
63720130;6;2019;513259236;26961,48
63720620;6;2019;513259236;2027,77
63720630;6;2019;513259236;756,16
63720700;6;2019;513259236;827,27
63720800;6;2019;513259236;1358,31
63720920;6;2019;513259236;1801,94
63720930;6;2019;513259236;159,84
63721120;6;2019;513259236;2125,44
63721150;6;2019;513259236;5399,83
63801100;6;2019;513259236;2493,26
63802100;6;2019;513259236;4094,64
63803000;6;2019;513259236;6221,37
63804000;6;2019;513259236;9935,82
63807011;6;2019;513259236;5912,98
63807031;6;2019;513259236;568,71
63899000;6;2019;513259236;50
64220000;6;2019;513259236;1141,32
64230000;6;2019;513259236;17591,55
64240000;6;2019;513259236;1975,46
64250000;6;2019;513259236;575,5
64270000;6;2019;513259236;4653,03
65111000;6;2019;513259236;11465,51
65112000;6;2019;513259236;30685,23
65211100;6;2019;513259236;25000
65211200;6;2019;513259236;176281,6
65212100;6;2019;513259236;21855,63
67200000;6;2019;513259236;48990
68120120;6;2019;513259236;18,92
68120312;6;2019;513259236;161,07
68120320;6;2019;513259236;2712,67
68139000;6;2019;513259236;198,17
68220000;6;2019;513259236;36,05
68811000;6;2019;513259236;3192,74
68812000;6;2019;513259236;0
68821900;6;2019;513259236;5000
68870110;6;2019;513259236;299604,08
68870140;6;2019;513259236;146971,97
68870300;6;2019;513259236;6073,34
68870400;6;2019;513259236;787525,75
68870500;6;2019;513259236;16854,38
68870712;6;2019;513259236;2125,4
68871000;6;2019;513259236;3787,4
68880610;6;2019;513259236;0
68880624;6;2019;513259236;232,5
68880629;6;2019;513259236;148,2
68880633;6;2019;513259236;1832,46
69110150;6;2019;513259236;32,15
69110600;6;2019;513259236;86729,2
69110700;6;2019;513259236;12435,2
69110701;6;2019;513259236;42069,25
69110901;6;2019;513259236;17046,47
69180100;6;2019;513259236;14,57
69180200;6;2019;513259236;20
69231000;6;2019;513259236;1255,06
69814000;6;2019;513259236;1766,57
69815000;6;2019;513259236;4255,6
69818000;6;2019;513259236;129,95
69819000;6;2019;513259236;29578,63
69820200;6;2019;513259236;404,06
69820500;6;2019;513259236;2068,56
69820700;6;2019;513259236;798,63
69820800;6;2019;513259236;10
69820900;6;2019;513259236;12722,82
69821000;6;2019;513259236;1109,13
69822001;6;2019;513259236;14966,73
69829900;6;2019;513259236;1046,64
71101110;6;2019;513259236;314566,13
71101120;6;2019;513259236;-26175084,63
71101210;6;2019;513259236;68500
71101220;6;2019;513259236;-3907202
71105211;6;2019;513259236;-4058340,73
71108110;6;2019;513259236;-795622,64
71710112;6;2019;513259236;0
71710113;6;2019;513259236;2434206,14
71710121;6;2019;513259236;-87000
71710122;6;2019;513259236;87000
71710123;6;2019;513259236;186500
71710521;6;2019;513259236;417622,44
71810111;6;2019;513259236;96039,62
71810119;6;2019;513259236;9373,88
71810527;6;2019;513259236;54085,85
72011120;6;2019;513259236;-1628060,97
72050000;6;2019;513259236;-1718307,35
72501300;6;2019;513259236;-31115,12
72507300;6;2019;513259236;-2900
72701112;6;2019;513259236;255319,7
72805000;6;2019;513259236;41529,37
73310000;6;2019;513259236;-122309,21
73320000;6;2019;513259236;-55963,57
74510000;6;2019;513259236;-959123,38
76211100;6;2019;513259236;-8437,87
76211200;6;2019;513259236;-1005,17
76221210;6;2019;513259236;-26615
78160202;6;2019;513259236;-18100
78160203;6;2019;513259236;-169604,04
78220000;6;2019;513259236;-131,72
78820000;6;2019;513259236;-164,46
78860210;6;2019;513259236;0
78860391;6;2019;513259236;-80,26
78860430;6;2019;513259236;-7739,67
78860505;6;2019;513259236;-19872
78860508;6;2019;513259236;-14238
78860511;6;2019;513259236;0
78860599;6;2019;513259236;-2929,05
78880200;6;2019;513259236;-1368,92
78880300;6;2019;513259236;-207,71
78880400;6;2019;513259236;-3072,57
79110000;6;2019;513259236;-36,87
79130000;6;2019;513259236;-128736,27
81100000;6;2019;513259236;0
81121000;6;2019;513259236;0
81122000;6;2019;513259236;0
81800000;6;2019;513259236;0
