vat;year;month;id;value
513259236;2018;12;A00101;168042
513259236;2018;12;A00102;0
513259236;2018;12;A00103;4186332
513259236;2018;12;A00104;8759153
513259236;2018;12;A00105;0
513259236;2018;12;A00106;0
513259236;2018;12;A00107;7066
513259236;2018;12;A00108;0
513259236;2018;12;A00111;0
513259236;2018;12;A00109;25537
513259236;2018;12;A00110;0
513259236;2018;12;A00112;13146129
513259236;2018;12;A00113;13702207
513259236;2018;12;A00114;0
513259236;2018;12;A00115;6827843
513259236;2018;12;A90001;1168
513259236;2018;12;A00116;9735
513259236;2018;12;A00117;0
513259236;2018;12;A00118;11549124
513259236;2018;12;A00119;139724
513259236;2018;12;A00120;0
513259236;2018;12;A00121;0
513259236;2018;12;A00122;0
513259236;2018;12;A00123;0
513259236;2018;12;A00124;19927
513259236;2018;12;A00125;32249727
513259236;2018;12;A00126 ;45395856
513259236;2018;12;A00127;4000000
513259236;2018;12;A00128;0
513259236;2018;12;A00129;0
513259236;2018;12;A00130 ;0
513259236;2018;12;A00131;167882
513259236;2018;12;A00132;2398143
513259236;2018;12;A00133;0
513259236;2018;12;A00134;0
513259236;2018;12;A00135;0
513259236;2018;12;A00136 ;6566024
513259236;2018;12;A00137;353466
513259236;2018;12;A00138;0
513259236;2018;12;A00139;6919490
513259236;2018;12;A00140;96291
513259236;2018;12;A00141;0
513259236;2018;12;A00142;0
513259236;2018;12;A00143;0
513259236;2018;12;A00144;7588004
513259236;2018;12;A00145;7684295
513259236;2018;12;A00146 ;17148015
513259236;2018;12;A00147;19446
513259236;2018;12;A00148;0
513259236;2018;12;A00149;1799598
513259236;2018;12;A00150;8514620
513259236;2018;12;A00151;3310392
513259236;2018;12;A00152;0
513259236;2018;12;A00153;0
513259236;2018;12;A00154;0
513259236;2018;12;A00155;0
513259236;2018;12;A00156 ;30792072
513259236;2018;12;A00157;38476366
513259236;2018;12;A00158;45395856
513259236;2017;12;A00101;233577
513259236;2017;12;A00102;0
513259236;2017;12;A00103;4186332
513259236;2017;12;A00104;26169
513259236;2017;12;A00105;0
513259236;2017;12;A00106;0
513259236;2017;12;A00107;0
513259236;2017;12;A00108;0
513259236;2017;12;A00111;0
513259236;2017;12;A00109;34800
513259236;2017;12;A00110;0
513259236;2017;12;A00112;4480878
513259236;2017;12;A00113;11210125
513259236;2017;12;A00114;0
513259236;2017;12;A00115;7799473
513259236;2017;12;A90001;160
513259236;2017;12;A00116;5532
513259236;2017;12;A00117;0
513259236;2017;12;A00118;10171869
513259236;2017;12;A00119;344278
513259236;2017;12;A00120;0
513259236;2017;12;A00121;0
513259236;2017;12;A00122;0
513259236;2017;12;A00123;0
513259236;2017;12;A00124;7470
513259236;2017;12;A00125;29538907
513259236;2017;12;A00126 ;34019785
513259236;2017;12;A00127;4000000
513259236;2017;12;A00128;0
513259236;2017;12;A00129;0
513259236;2017;12;A00130 ;0
513259236;2017;12;A00131;134257
513259236;2017;12;A00132;1759265
513259236;2017;12;A00133;0
513259236;2017;12;A00134;0
513259236;2017;12;A00135;0
513259236;2017;12;A00136 ;5893522
513259236;2017;12;A00137;672503
513259236;2017;12;A00138;0
513259236;2017;12;A00139;6566024
513259236;2017;12;A00140;66224
513259236;2017;12;A00141;0
513259236;2017;12;A00142;0
513259236;2017;12;A00143;131869
513259236;2017;12;A00144;0
513259236;2017;12;A00145;198094
513259236;2017;12;A00146 ;10642629
513259236;2017;12;A00147;89837
513259236;2017;12;A00148;3734966
513259236;2017;12;A00149;0
513259236;2017;12;A00150;7684365
513259236;2017;12;A00151;5103869
513259236;2017;12;A00152;0
513259236;2017;12;A00153;0
513259236;2017;12;A00154;0
513259236;2017;12;A00155;0
513259236;2017;12;A00156 ;27255667
513259236;2017;12;A00157;27453761
513259236;2017;12;A00158;34019785
513259236;2015;12;A00101;6255667
513259236;2015;12;A00102;0
513259236;2015;12;A00103;4976373
513259236;2015;12;A00104;90136
513259236;2015;12;A00105;0
513259236;2015;12;A00106;0
513259236;2015;12;A00107;0
513259236;2015;12;A00108;0
513259236;2015;12;A00111;0
513259236;2015;12;A00109;4497
513259236;2015;12;A00110;0
513259236;2015;12;A00112;11326672
513259236;2015;12;A00113;6847501
513259236;2015;12;A00114;0
513259236;2015;12;A00115;3400803
513259236;2015;12;A00116;1239
513259236;2015;12;A00117;0
513259236;2015;12;A00118;1027077
513259236;2015;12;A00119;642332
513259236;2015;12;A00120;0
513259236;2015;12;A00121;0
513259236;2015;12;A00122;0
513259236;2015;12;A00123;0
513259236;2015;12;A00124;11589
513259236;2015;12;A00125;11930541
513259236;2015;12;A00126 ;23257213
513259236;2015;12;A00127;4000000
513259236;2015;12;A00128;0
513259236;2015;12;A00129;0
513259236;2015;12;A00130 ;0
513259236;2015;12;A00131;0
513259236;2015;12;A00132;0
513259236;2015;12;A00133;-1571
513259236;2015;12;A00134;0
513259236;2015;12;A00135;0
513259236;2015;12;A00136 ;3998429
513259236;2015;12;A00137;1007606
513259236;2015;12;A00138;0
513259236;2015;12;A00139;5006035
513259236;2015;12;A00140;2526901
513259236;2015;12;A00141;0
513259236;2015;12;A00142;0
513259236;2015;12;A00143;0
513259236;2015;12;A00144;0
513259236;2015;12;A00145;2526901
513259236;2015;12;A00146 ;7246943
513259236;2015;12;A00147;20523
513259236;2015;12;A00148;1797502
513259236;2015;12;A00149;3020000
513259236;2015;12;A00150;2592497
513259236;2015;12;A00151;1046812
513259236;2015;12;A00152;0
513259236;2015;12;A00153;0
513259236;2015;12;A00154;0
513259236;2015;12;A00155;0
513259236;2015;12;A00156 ;15724277
513259236;2015;12;A00157;18251178
513259236;2015;12;A00158;23257213
513259236;2016;12;A00101;153495
513259236;2016;12;A00102;0
513259236;2016;12;A00103;4186332
513259236;2016;12;A00104;58469
513259236;2016;12;A00105;0
513259236;2016;12;A00106;0
513259236;2016;12;A00107;0
513259236;2016;12;A00108;0
513259236;2016;12;A00111;0
513259236;2016;12;A00109;20947
513259236;2016;12;A00110;0
513259236;2016;12;A00112;4419243
513259236;2016;12;A00113;10945227
513259236;2016;12;A00114;0
513259236;2016;12;A00115;4223482
513259236;2016;12;A90001;13652
513259236;2016;12;A00116;7131
513259236;2016;12;A00117;0
513259236;2016;12;A00118;8522864
513259236;2016;12;A00119;403099
513259236;2016;12;A00120;0
513259236;2016;12;A00121;0
513259236;2016;12;A00122;0
513259236;2016;12;A00123;0
513259236;2016;12;A00124;7583
513259236;2016;12;A00125;24123039
513259236;2016;12;A00126 ;28542281
513259236;2016;12;A00127;4000000
513259236;2016;12;A00128;0
513259236;2016;12;A00129;0
513259236;2016;12;A00130 ;0
513259236;2016;12;A00131;50380
513259236;2016;12;A00132;955655
513259236;2016;12;A00133;-790041
513259236;2016;12;A00134;0
513259236;2016;12;A00135;0
513259236;2016;12;A00136 ;4215994
513259236;2016;12;A00137;1677527
513259236;2016;12;A00138;0
513259236;2016;12;A00139;5893522
513259236;2016;12;A00140;17500
513259236;2016;12;A00141;0
513259236;2016;12;A00142;0
513259236;2016;12;A00143;87913
513259236;2016;12;A00144;0
513259236;2016;12;A00145;105413
513259236;2016;12;A00146 ;13537136
513259236;2016;12;A00147;39802
513259236;2016;12;A00148;2853117
513259236;2016;12;A90002;285879
513259236;2016;12;A00149;0
513259236;2016;12;A00150;2557880
513259236;2016;12;A00151;3269532
513259236;2016;12;A00152;0
513259236;2016;12;A00153;0
513259236;2016;12;A00154;0
513259236;2016;12;A00155;0
513259236;2016;12;A00156 ;22543346
513259236;2016;12;A00157;22648759
513259236;2016;12;A00158;28542281
513259236;2014;12;A00101;0
513259236;2014;12;A00102;0
513259236;2014;12;A00103;0
513259236;2014;12;A00104;337000
513259236;2014;12;A00105;0
513259236;2014;12;A00106;0
513259236;2014;12;A00107;0
513259236;2014;12;A00108;0
513259236;2014;12;A00111;0
513259236;2014;12;A00109;418
513259236;2014;12;A00110;0
513259236;2014;12;A00112;337418
513259236;2014;12;A00113;0
513259236;2014;12;A00114;0
513259236;2014;12;A00115;0
513259236;2014;12;A00116;0
513259236;2014;12;A00117;0
513259236;2014;12;A00118;0
513259236;2014;12;A00119;0
513259236;2014;12;A00120;0
513259236;2014;12;A00121;0
513259236;2014;12;A00122;0
513259236;2014;12;A00123;0
513259236;2014;12;A00124;50000
513259236;2014;12;A00125;50000
513259236;2014;12;A00126 ;387418
513259236;2014;12;A00127;50000
513259236;2014;12;A00128;0
513259236;2014;12;A00129;0
513259236;2014;12;A00130 ;0
513259236;2014;12;A00131;0
513259236;2014;12;A00132;0
513259236;2014;12;A00133;0
513259236;2014;12;A00134;0
513259236;2014;12;A00135;0
513259236;2014;12;A00136 ;50000
513259236;2014;12;A00137;-1571
513259236;2014;12;A00138;0
513259236;2014;12;A00139;48429
513259236;2014;12;A00140;0
513259236;2014;12;A00141;0
513259236;2014;12;A00142;0
513259236;2014;12;A00143;0
513259236;2014;12;A00144;0
513259236;2014;12;A00145;0
513259236;2014;12;A00146 ;0
513259236;2014;12;A00147;0
513259236;2014;12;A00146 ;0
513259236;2014;12;A00149;0
513259236;2014;12;A00150;338989
513259236;2014;12;A00151;0
513259236;2014;12;A00152;0
513259236;2014;12;A00153;0
513259236;2014;12;A00154;0
513259236;2014;12;A00155;0
513259236;2014;12;A00156 ;338989
513259236;2014;12;A00157;338989
513259236;2014;12;A00158;387418
513259236;2018;12;A00001;70406995
513259236;2018;12;A00002;0
513259236;2018;12;A00003;0
513259236;2018;12;A00004;6007
513259236;2018;12;A00005;2023470
513259236;2018;12;A00006;60655961
513259236;2018;12;A00007 ;7211803
513259236;2018;12;A00008;3549191
513259236;2018;12;A00010;-9522
513259236;2018;12;A00011;55336
513259236;2018;12;A00012;47912
513259236;2018;12;A00013;0
513259236;2018;12;A00014;0
513259236;2018;12;A00015;0
513259236;2018;12;A00016;684843
513259236;2018;12;A00017;158651
513259236;2018;12;A00018;1451984
513259236;2018;12;A00019;790863
513259236;2018;12;A00020;0
513259236;2018;12;A00021;661121
513259236;2018;12;A00022;192086
513259236;2018;12;A00023;507345
513259236;2018;12;A00024;345862
513259236;2018;12;A00025;-7604
513259236;2018;12;A00026;353466
513259236;2018;12;A00027;0
513259236;2017;12;A00001;72442243
513259236;2017;12;A00002;0
513259236;2017;12;A00003;0
513259236;2017;12;A00004;20174
513259236;2017;12;A00005;1774117
513259236;2017;12;A00006;63849003
513259236;2017;12;A00007 ;5014817
513259236;2017;12;A00008;3358584
513259236;2017;12;A00010;51411
513259236;2017;12;A00011;4540
513259236;2017;12;A00012;52233
513259236;2017;12;A00013;0
513259236;2017;12;A00014;0
513259236;2017;12;A00015;0
513259236;2017;12;A00016;652008
513259236;2017;12;A00017;1318090
513259236;2017;12;A00018;1239863
513259236;2017;12;A00019;122835
513259236;2017;12;A00020;0
513259236;2017;12;A00021;1117029
513259236;2017;12;A00022;164533
513259236;2017;12;A00023;345610
513259236;2017;12;A00024;935952
513259236;2017;12;A00025;263450
513259236;2017;12;A00026;672503
513259236;2017;12;A00027;0
513259236;2015;12;A00001;33866683
513259236;2015;12;A00002;0
513259236;2015;12;A00003;0
513259236;2015;12;A00004;36720
513259236;2015;12;A00005;790690
513259236;2015;12;A00006;26940830
513259236;2015;12;A00007 ;3028170
513259236;2015;12;A00008;2438685
513259236;2015;12;A00010;-24745
513259236;2015;12;A00011;22608
513259236;2015;12;A00012;96844
513259236;2015;12;A00013;0
513259236;2015;12;A00014;0
513259236;2015;12;A00015;0
513259236;2015;12;A00016;388585
513259236;2015;12;A00017;576438
513259236;2015;12;A00018;2003848
513259236;2015;12;A00019;177986
513259236;2015;12;A00020;0
513259236;2015;12;A00021;1825862
513259236;2015;12;A00022;22681
513259236;2015;12;A00023;495298
513259236;2015;12;A00024;1353245
513259236;2015;12;A00025;345638
513259236;2015;12;A00026;1007606
513259236;2015;12;A00027;0
513259236;2016;12;A00001;61802003
513259236;2016;12;A00002;159
513259236;2016;12;A00003;0
513259236;2016;12;A00004;4973
513259236;2016;12;A00005;1058781
513259236;2016;12;A00006;53706966
513259236;2016;12;A00007 ;4628979
513259236;2016;12;A00008;2777782
513259236;2016;12;A00010;92014
513259236;2016;12;A00011;16048
513259236;2016;12;A00012;17500
513259236;2016;12;A00013;0
513259236;2016;12;A00014;0
513259236;2016;12;A00015;0
513259236;2016;12;A00016;1916179
513259236;2016;12;A00017;870779
513259236;2016;12;A00018;2672028
513259236;2016;12;A00019;59194
513259236;2016;12;A00020;0
513259236;2016;12;A00021;2612834
513259236;2016;12;A00022;4545
513259236;2016;12;A00023;501716
513259236;2016;12;A00024;2115662
513259236;2016;12;A00025;438135
513259236;2016;12;A00026;1677527
513259236;2016;12;A00027;0
513259236;2014;12;A00001;0
513259236;2014;12;A00002;0
513259236;2014;12;A00003;0
513259236;2014;12;A00004;0
513259236;2014;12;A00005;0
513259236;2014;12;A00006;0
513259236;2014;12;A00007 ;1989
513259236;2014;12;A00008;0
513259236;2014;12;A00010;0
513259236;2014;12;A00011;0
513259236;2014;12;A00012;0
513259236;2014;12;A00013;0
513259236;2014;12;A00014;0
513259236;2014;12;A00015;0
513259236;2014;12;A00016;0
513259236;2014;12;A00017;0
513259236;2014;12;A00018;-1989
513259236;2014;12;A00019;0
513259236;2014;12;A00020;0
513259236;2014;12;A00021;-1989
513259236;2014;12;A00022;0
513259236;2014;12;A00023;0
513259236;2014;12;A00024;-1989
513259236;2014;12;A00025;-418
513259236;2014;12;A00025;-1571
513259236;2014;12;A00027;0
